0.00603467
0.0339488
0.00418763
0.0408894
0.0543085
0.0506868
0.0540362
0.0593058
0.0611812
0.00729257
0.0610874
0.0588228
0.0561088
0.265498
0.498071
0.504774
0.0234512
0.498659
0.479495
0.465552
0.45568
0.45624
0.440059
0.422664
0.072754
0.422516
0.416627
0.403775
0.387896
0.393558
0.40596
0.637052
0.422977
0.437723
0.446469
0.441537
0.43287
0.42516
0.110675
0.428875
0.436761
0.459413
0.460782
0.466688
0.445178
0.107199
0.422671
0.395407
0.344081
0.278113
0.233665
0.244706
0.0293915
0.319817
0.334303
0.343323
0.356499
0.360538
0.354845
0.325708
0.00986535
0.297159
0.297013
0.284053
0.210316
0.173628
0.127377
0.00740833
0.0884705
0.10902
0.119269
0.117379
0.137751
0.162947
0.00585494
0.180164
0.195515
0.208708
0.247052
0.295635
0.300474
0.00516918
0.285346
0.234133
0.154171
0.111662
0.0961607
0.0550529
0.0056871
0.0195456
0.0165427
0.0178316
0.00562238
0.00868017
0.00974258
0.00985898
0.00450379
0.00879266
0.0068637
0.00559004
