0.00134366
0.00446802
0.00521491
0.00625485
0.00511209
0.00568937
0.00503131
0.00771738
0.00320165
0.0104141
0.00527548
0.00572968
0.00597188
0.00481838
0.00485594
0.00153181
0.00428383
0.00563919
0.00452688
0.0132103
0.00973001
0.00583105
0.00768228
0.00563372
0.00845306
0.00619235
0.00868881
0.00785172
0.00558878
0.489982
0.00546442
0.00588034
0.0057667
0.00436716
0.00426008
0.00545274
0.00705513
0.192741
0.00508459
0.00391635
0.00310468
0.00416318
0.00599471
0.00579143
0.101876
0.00529418
0.00263966
0.00274995
0.0087033
0.0310892
0.108758
0.0463326
0.259689
0.343483
0.337824
0.312146
0.277032
0.219833
0.00782009
0.213947
0.278401
0.309326
0.286868
0.278354
0.262216
0.00436634
0.264145
0.181525
0.143383
0.174924
0.186011
0.194906
0.167795
0.00129033
0.124667
0.113232
0.107718
0.141669
0.112939
0.11302
0.00124951
0.110114
0.110223
0.105434
0.0956373
0.0917502
0.0848856
0.00134
0.0851253
0.0857002
0.0838337
0.0737186
0.0654626
0.0716461
0.00116546
0.0716295
0.0792346
0.0926794
0.0473644
0.00169851
