0.00134366
0.080574
0.00167523
0.0014409
0.00130766
0.00355634
0.0138388
0.00565821
0.00320165
0.0313988
0.00263707
0.00187847
0.00133367
0.00148595
0.00145832
0.00153181
0.0127033
0.0015704
0.00196438
0.018303
0.00645812
0.0065872
0.00768228
0.2177
0.00585926
0.075673
0.275813
0.534129
0.493072
0.489982
0.140281
0.52064
0.538631
0.537431
0.486805
0.425286
0.40073
0.192741
0.280927
0.273344
0.302754
0.219336
0.193249
0.167144
0.101876
0.152758
0.0928338
0.0873907
0.0592323
0.0549539
0.058098
0.0463326
0.175321
0.0349242
0.0245476
0.0141795
0.012656
0.0103465
0.00782009
0.127758
0.00716105
0.00608532
0.00648882
0.00678511
0.00546112
0.00436634
0.103367
0.00449791
0.00333968
0.00222422
0.00167172
0.00148588
0.00104948
0.00129033
0.098873
0.00132898
0.00118937
0.00104705
0.00110444
0.00119875
0.00124951
0.0995203
0.00112585
0.00121129
0.00124799
0.00154728
0.00141806
0.00134
0.102693
0.00115283
0.00131066
0.00121565
0.00114987
0.00110348
0.00116546
0.102087
0.00133336
0.00123135
0.0011608
0.00179891
